Maximum number of moves = 44

1 10 7 11 
6 9 14 2 
13 12 4 3 
15 5 8 0 

1 10 7 11 
6 9 14 2 
13 12 4 3 
15 5 0 8 

1 10 7 11 
6 9 14 2 
13 12 4 3 
15 0 5 8 

1 10 7 11 
6 9 14 2 
13 12 4 3 
0 15 5 8 

1 10 7 11 
6 9 14 2 
0 12 4 3 
13 15 5 8 

1 10 7 11 
0 9 14 2 
6 12 4 3 
13 15 5 8 

1 10 7 11 
9 0 14 2 
6 12 4 3 
13 15 5 8 

1 10 7 11 
9 14 0 2 
6 12 4 3 
13 15 5 8 

1 10 7 11 
9 14 2 0 
6 12 4 3 
13 15 5 8 

1 10 7 0 
9 14 2 11 
6 12 4 3 
13 15 5 8 

1 10 0 7 
9 14 2 11 
6 12 4 3 
13 15 5 8 

1 10 2 7 
9 14 0 11 
6 12 4 3 
13 15 5 8 

1 10 2 7 
9 14 4 11 
6 12 0 3 
13 15 5 8 

1 10 2 7 
9 14 4 11 
6 12 5 3 
13 15 0 8 

1 10 2 7 
9 14 4 11 
6 12 5 3 
13 0 15 8 

1 10 2 7 
9 14 4 11 
6 0 5 3 
13 12 15 8 

1 10 2 7 
9 0 4 11 
6 14 5 3 
13 12 15 8 

1 0 2 7 
9 10 4 11 
6 14 5 3 
13 12 15 8 

1 2 0 7 
9 10 4 11 
6 14 5 3 
13 12 15 8 

1 2 4 7 
9 10 0 11 
6 14 5 3 
13 12 15 8 

1 2 4 7 
9 10 5 11 
6 14 0 3 
13 12 15 8 

1 2 4 7 
9 10 5 11 
6 14 15 3 
13 12 0 8 

1 2 4 7 
9 10 5 11 
6 14 15 3 
13 0 12 8 

1 2 4 7 
9 10 5 11 
6 0 15 3 
13 14 12 8 

1 2 4 7 
9 0 5 11 
6 10 15 3 
13 14 12 8 

1 2 4 7 
9 5 0 11 
6 10 15 3 
13 14 12 8 

1 2 4 7 
9 5 11 0 
6 10 15 3 
13 14 12 8 

1 2 4 7 
9 5 11 3 
6 10 15 0 
13 14 12 8 

1 2 4 7 
9 5 11 3 
6 10 15 8 
13 14 12 0 

1 2 4 7 
9 5 11 3 
6 10 15 8 
13 14 0 12 

1 2 4 7 
9 5 11 3 
6 10 0 8 
13 14 15 12 

1 2 4 7 
9 5 11 3 
6 0 10 8 
13 14 15 12 

1 2 4 7 
9 5 11 3 
0 6 10 8 
13 14 15 12 

1 2 4 7 
0 5 11 3 
9 6 10 8 
13 14 15 12 

1 2 4 7 
5 0 11 3 
9 6 10 8 
13 14 15 12 

1 2 4 7 
5 6 11 3 
9 0 10 8 
13 14 15 12 

1 2 4 7 
5 6 11 3 
9 10 0 8 
13 14 15 12 

1 2 4 7 
5 6 0 3 
9 10 11 8 
13 14 15 12 

1 2 4 7 
5 6 3 0 
9 10 11 8 
13 14 15 12 

1 2 4 0 
5 6 3 7 
9 10 11 8 
13 14 15 12 

1 2 0 4 
5 6 3 7 
9 10 11 8 
13 14 15 12 

1 2 3 4 
5 6 0 7 
9 10 11 8 
13 14 15 12 

1 2 3 4 
5 6 7 0 
9 10 11 8 
13 14 15 12 

1 2 3 4 
5 6 7 8 
9 10 11 0 
13 14 15 12 

1 2 3 4 
5 6 7 8 
9 10 11 12 
13 14 15 0 
