Maximum number of moves = 24

2 8 7 
4 5 3 
6 1 0 

2 8 7 
4 5 0 
6 1 3 

2 8 7 
4 0 5 
6 1 3 

2 8 7 
4 1 5 
6 0 3 

2 8 7 
4 1 5 
0 6 3 

2 8 7 
0 1 5 
4 6 3 

2 8 7 
1 0 5 
4 6 3 

2 0 7 
1 8 5 
4 6 3 

2 7 0 
1 8 5 
4 6 3 

2 7 5 
1 8 0 
4 6 3 

2 7 5 
1 8 3 
4 6 0 

2 7 5 
1 8 3 
4 0 6 

2 7 5 
1 0 3 
4 8 6 

2 0 5 
1 7 3 
4 8 6 

2 5 0 
1 7 3 
4 8 6 

2 5 3 
1 7 0 
4 8 6 

2 5 3 
1 7 6 
4 8 0 

2 5 3 
1 7 6 
4 0 8 

2 5 3 
1 0 6 
4 7 8 

2 0 3 
1 5 6 
4 7 8 

0 2 3 
1 5 6 
4 7 8 

1 2 3 
0 5 6 
4 7 8 

1 2 3 
4 5 6 
0 7 8 

1 2 3 
4 5 6 
7 0 8 

1 2 3 
4 5 6 
7 8 0 
