Maximum number of moves = 54

15 6 8 1 
4 14 5 3 
12 9 13 10 
2 7 11 0 

15 6 8 1 
4 14 5 3 
12 9 13 10 
2 7 0 11 

15 6 8 1 
4 14 5 3 
12 9 13 10 
2 0 7 11 

15 6 8 1 
4 14 5 3 
12 0 13 10 
2 9 7 11 

15 6 8 1 
4 14 5 3 
0 12 13 10 
2 9 7 11 

15 6 8 1 
4 14 5 3 
2 12 13 10 
0 9 7 11 

15 6 8 1 
4 14 5 3 
2 12 13 10 
9 0 7 11 

15 6 8 1 
4 14 5 3 
2 0 13 10 
9 12 7 11 

15 6 8 1 
4 14 5 3 
2 13 0 10 
9 12 7 11 

15 6 8 1 
4 14 5 3 
2 13 7 10 
9 12 0 11 

15 6 8 1 
4 14 5 3 
2 13 7 10 
9 0 12 11 

15 6 8 1 
4 14 5 3 
2 0 7 10 
9 13 12 11 

15 6 8 1 
4 0 5 3 
2 14 7 10 
9 13 12 11 

15 6 8 1 
0 4 5 3 
2 14 7 10 
9 13 12 11 

0 6 8 1 
15 4 5 3 
2 14 7 10 
9 13 12 11 

6 0 8 1 
15 4 5 3 
2 14 7 10 
9 13 12 11 

6 8 0 1 
15 4 5 3 
2 14 7 10 
9 13 12 11 

6 8 5 1 
15 4 0 3 
2 14 7 10 
9 13 12 11 

6 8 5 1 
15 0 4 3 
2 14 7 10 
9 13 12 11 

6 0 5 1 
15 8 4 3 
2 14 7 10 
9 13 12 11 

6 5 0 1 
15 8 4 3 
2 14 7 10 
9 13 12 11 

6 5 1 0 
15 8 4 3 
2 14 7 10 
9 13 12 11 

6 5 1 3 
15 8 4 0 
2 14 7 10 
9 13 12 11 

6 5 1 3 
15 8 0 4 
2 14 7 10 
9 13 12 11 

6 5 1 3 
15 0 8 4 
2 14 7 10 
9 13 12 11 

6 0 1 3 
15 5 8 4 
2 14 7 10 
9 13 12 11 

6 1 0 3 
15 5 8 4 
2 14 7 10 
9 13 12 11 

6 1 3 0 
15 5 8 4 
2 14 7 10 
9 13 12 11 

6 1 3 4 
15 5 8 0 
2 14 7 10 
9 13 12 11 

6 1 3 4 
15 5 0 8 
2 14 7 10 
9 13 12 11 

6 1 3 4 
15 5 7 8 
2 14 0 10 
9 13 12 11 

6 1 3 4 
15 5 7 8 
2 0 14 10 
9 13 12 11 

6 1 3 4 
15 5 7 8 
0 2 14 10 
9 13 12 11 

6 1 3 4 
0 5 7 8 
15 2 14 10 
9 13 12 11 

6 1 3 4 
5 0 7 8 
15 2 14 10 
9 13 12 11 

6 1 3 4 
5 2 7 8 
15 0 14 10 
9 13 12 11 

6 1 3 4 
5 2 7 8 
0 15 14 10 
9 13 12 11 

6 1 3 4 
0 2 7 8 
5 15 14 10 
9 13 12 11 

0 1 3 4 
6 2 7 8 
5 15 14 10 
9 13 12 11 

1 0 3 4 
6 2 7 8 
5 15 14 10 
9 13 12 11 

1 2 3 4 
6 0 7 8 
5 15 14 10 
9 13 12 11 

1 2 3 4 
0 6 7 8 
5 15 14 10 
9 13 12 11 

1 2 3 4 
5 6 7 8 
0 15 14 10 
9 13 12 11 

1 2 3 4 
5 6 7 8 
9 15 14 10 
0 13 12 11 

1 2 3 4 
5 6 7 8 
9 15 14 10 
13 0 12 11 

1 2 3 4 
5 6 7 8 
9 0 14 10 
13 15 12 11 

1 2 3 4 
5 6 7 8 
9 14 0 10 
13 15 12 11 

1 2 3 4 
5 6 7 8 
9 14 10 0 
13 15 12 11 

1 2 3 4 
5 6 7 8 
9 14 10 11 
13 15 12 0 

1 2 3 4 
5 6 7 8 
9 14 10 11 
13 15 0 12 

1 2 3 4 
5 6 7 8 
9 14 10 11 
13 0 15 12 

1 2 3 4 
5 6 7 8 
9 0 10 11 
13 14 15 12 

1 2 3 4 
5 6 7 8 
9 10 0 11 
13 14 15 12 

1 2 3 4 
5 6 7 8 
9 10 11 0 
13 14 15 12 

1 2 3 4 
5 6 7 8 
9 10 11 12 
13 14 15 0 
